=== START OF LOG ======
ALT: 55.958611502769806 AIRSPEED: 16.38252938179123
ALT: 9.10663588779319 AIRSPEED: 18.60649995229353
