=== START OF LOG ======
ALT: 92.02465839753098 AIRSPEED: 2.213925087013251
ALT: 23.126752294044696 AIRSPEED: 8.036884951956171
ALT: 77.59950454774467 AIRSPEED: 16.857456820964224
