=== START OF LOG ======
ALT: 77.53054576571247 AIRSPEED: 14.569802099837359
ALT: 2.6700257604614808 AIRSPEED: 7.04499727596737
