=== START OF LOG ======
ALT: 19.01004578467639 AIRSPEED: 1.5037321543943993
ALT: 14.361805348016265 AIRSPEED: 14.029175086286564
