=== START OF LOG ======
ALT: 62.54164337294144 AIRSPEED: 9.240622495769227
ALT: 64.84185458582247 AIRSPEED: 12.94311354467603
ALT: 35.16344279677547 AIRSPEED: 5.025621639001299
ALT: 77.8541658573559 AIRSPEED: 14.1658156987774
