=== START OF LOG ======
ALT: 34.38777722983296 AIRSPEED: 18.664890453028747
ALT: 53.09940265053916 AIRSPEED: 8.822715112747886
