=== START OF LOG ======
ALT: 42.96908893315693 AIRSPEED: 14.114284746333574
ALT: 33.5257840110447 AIRSPEED: 1.576891604032844
ALT: 37.55335848656307 AIRSPEED: 18.46503458024721
ALT: 99.26956973554041 AIRSPEED: 15.328910400126563
