=== START OF LOG ======
ALT: 29.68706180049444 AIRSPEED: 3.915820154937424
ALT: 86.12989411376451 AIRSPEED: 9.61476272683808
