=== START OF LOG ======
ALT: 40.19928320136616 AIRSPEED: 7.1193967429838505
ALT: 74.48716289516379 AIRSPEED: 13.696891940414417
ALT: 1.3825207340776302 AIRSPEED: 15.432148697335148
