=== START OF LOG ======
ALT: 45.545710689069764 AIRSPEED: 5.8977688995033395
ALT: 53.46133548482636 AIRSPEED: 0.49742411452574187
ALT: 45.424275397727044 AIRSPEED: 0.36013423290131463
