=== START OF LOG ======
ALT: 24.50052379678217 AIRSPEED: 6.746595902200916
ALT: 35.866568264118804 AIRSPEED: 18.45351500106389
