=== START OF LOG ======
ALT: 6.309359767548017 AIRSPEED: 4.053756089850991
ALT: 97.86511386508037 AIRSPEED: 8.545549725229444
ALT: 1.825053381634767 AIRSPEED: 4.260826121489094
