=== START OF LOG ======
ALT: 29.309365506926788 AIRSPEED: 6.630620561685312
ALT: 92.2716414154524 AIRSPEED: 19.932986252040447
