=== START OF LOG ======
ALT: 14.06113822891939 AIRSPEED: 7.31650127261231
ALT: 39.88990978718465 AIRSPEED: 4.227580046282807
ALT: 37.66862734892413 AIRSPEED: 6.684822305963934
