=== START OF LOG ======
ALT: 73.57284607291965 AIRSPEED: 5.876412450357322
ALT: 63.65471699367845 AIRSPEED: 11.940024205566944
ALT: 8.629123925597227 AIRSPEED: 15.873103645525442
ALT: 31.05124809614579 AIRSPEED: 3.1849614456197894
