=== START OF LOG ======
ALT: 20.968864374971975 AIRSPEED: 18.485297021845724
ALT: 94.6256852539573 AIRSPEED: 19.213692987245945
ALT: 2.5558403282998077 AIRSPEED: 18.801009873870925
