=== START OF LOG ======
ALT: 5.370119334323819 AIRSPEED: 13.769002201631755
ALT: 36.75020849854707 AIRSPEED: 19.33552762566709
ALT: 35.003963940557256 AIRSPEED: 11.337158677007782
