=== START OF LOG ======
ALT: 84.12997341872692 AIRSPEED: 14.839456989697688
ALT: 44.33485353952788 AIRSPEED: 18.67773842498875
