=== START OF LOG ======
ALT: 7.7676970100022835 AIRSPEED: 3.10687619592112
ALT: 92.36765137239126 AIRSPEED: 16.54037996368397
ALT: 74.9998775042176 AIRSPEED: 13.105930582297082
ALT: 17.476679788954897 AIRSPEED: 3.014340156471562
