=== START OF LOG ======
ALT: 21.902882779126397 AIRSPEED: 11.844721399893839
ALT: 34.25499787056842 AIRSPEED: 8.024504401012894
