=== START OF LOG ======
ALT: 75.8306423656261 AIRSPEED: 0.7070923724199707
ALT: 42.80023120507528 AIRSPEED: 4.421318740394122
ALT: 50.619199126528954 AIRSPEED: 16.415800412188613
