=== START OF LOG ======
ALT: 82.91069734690683 AIRSPEED: 2.4214173858171195
ALT: 58.9939199686366 AIRSPEED: 7.066132507438516
