=== START OF LOG ======
ALT: 84.47192152073103 AIRSPEED: 18.78397740387098
ALT: 34.75903599063057 AIRSPEED: 6.18643148113593
ALT: 20.65308291396637 AIRSPEED: 12.402824863402229
ALT: 60.27638344093603 AIRSPEED: 8.090898322548375
